342.57000732
342.79000854
343.01000977
343.23001099
343.45001221
343.67001343
343.89001465
344.11001587
344.33001709
344.55001831
344.77001953
344.99002075
345.21002197
345.43002319
345.65002441
345.87002563
346.09002686
346.31002808
346.53002930
346.75003052
346.97003174
347.19003296
347.41003418
347.63003540
347.85003662
348.07003784
348.29003906
348.51004028
348.73004150
348.95004272
349.17004395
349.39004517
349.61004639
349.83004761
350.05004883
350.27005005
350.49005127
350.71005249
350.93005371
