11.10999966
10.88999939
10.66999912
10.44999886
10.22999859
10.00999832
9.78999805
9.56999779
9.34999752
9.12999725
8.90999699
8.68999672
8.46999645
8.24999619
8.02999592
7.80999613
7.58999634
7.36999655
7.14999676
6.92999697
6.70999718
6.48999739
6.26999760
6.04999781
5.82999802
5.60999823
5.38999844
5.16999865
4.94999886
4.72999907
4.50999928
4.28999949
4.06999969
3.84999967
3.62999964
3.40999961
3.18999958
2.96999955
2.74999952
2.52999949
2.30999947
2.08999944
1.86999941
1.64999938
1.42999935
1.20999932
0.98999929
0.76999927
0.54999924
0.32999924
0.10999924
-0.11000076
