342.45999146
342.67999268
342.89999390
343.11999512
343.33999634
343.55999756
343.77999878
344.00000000
344.22000122
344.44000244
344.66000366
344.88000488
345.10000610
345.32000732
345.54000854
345.76000977
345.98001099
346.20001221
346.42001343
346.64001465
346.86001587
347.08001709
347.30001831
347.52001953
347.74002075
347.96002197
348.18002319
348.40002441
348.62002563
348.84002686
349.06002808
349.28002930
349.50003052
349.72003174
349.94003296
350.16003418
350.38003540
350.60003662
350.82003784
