11.21999931
10.99999905
10.77999878
10.55999851
10.33999825
10.11999798
9.89999771
9.67999744
9.45999718
9.23999691
9.01999664
8.79999638
8.57999611
8.35999584
8.13999557
7.91999578
7.69999599
7.47999620
7.25999641
7.03999662
6.81999683
6.59999704
6.37999725
6.15999746
5.93999767
5.71999788
5.49999809
5.27999830
5.05999851
4.83999872
4.61999893
4.39999914
4.17999935
3.95999932
3.73999929
3.51999927
3.29999924
3.07999921
2.85999918
2.63999915
2.41999912
2.19999909
1.97999907
1.75999904
1.53999901
1.31999898
1.09999895
0.87999892
0.65999889
0.43999889
0.21999890
-0.00000110
